# Tokyo Night LS_COLORS
# Based on Tokyo Night theme colors

# file types (with matching order)
ln      38;2;122;162;247   # LINK (Tokyo Night blue)
or      38;2;247;118;142   # ORPHAN (Tokyo Night red)
tw      38;2;158;206;106   # STICKY_OTHER_WRITABLE (Tokyo Night green)
ow      38;2;122;162;247   # OTHER_WRITABLE (Tokyo Night blue)
st      38;2;122;162;247   # STICKY (Tokyo Night blue)
di      38;2;122;162;247   # DIR (Tokyo Night blue)
pi      38;2;255;158;100   # FIFO (Tokyo Night orange)
so      38;2;199;146;234   # SOCK (Tokyo Night purple)
bd      38;2;255;158;100   # BLK (Tokyo Night orange)
cd      38;2;255;158;100   # CHR (Tokyo Night orange)
su      38;2;158;206;106   # SETUID (Tokyo Night green)
sg      38;2;158;206;106   # SETGID (Tokyo Night green)
ex      38;2;158;206;106   # EXEC (Tokyo Night green)
fi      00                 # FILE (default)

# archives or compressed (Tokyo Night red)
*.tar   38;2;247;118;142
*.tgz   38;2;247;118;142
*.arc   38;2;247;118;142
*.arj   38;2;247;118;142
*.taz   38;2;247;118;142
*.lha   38;2;247;118;142
*.lz4   38;2;247;118;142
*.lzh   38;2;247;118;142
*.lzma  38;2;247;118;142
*.tlz   38;2;247;118;142
*.txz   38;2;247;118;142
*.tzo   38;2;247;118;142
*.t7z   38;2;247;118;142
*.zip   38;2;247;118;142
*.xpi   38;2;247;118;142
*.z     38;2;247;118;142
*.dz    38;2;247;118;142
*.gz    38;2;247;118;142
*.lrz   38;2;247;118;142
*.lz    38;2;247;118;142
*.lzo   38;2;247;118;142
*.xz    38;2;247;118;142
*.zst   38;2;247;118;142
*.tzst  38;2;247;118;142
*.bz2   38;2;247;118;142
*.bz    38;2;247;118;142
*.tbz   38;2;247;118;142
*.tbz2  38;2;247;118;142
*.tz    38;2;247;118;142
*.deb   38;2;247;118;142
*.rpm   38;2;247;118;142
*.jar   38;2;247;118;142
*.war   38;2;247;118;142
*.ear   38;2;247;118;142
*.sar   38;2;247;118;142
*.rar   38;2;247;118;142
*.alz   38;2;247;118;142
*.ace   38;2;247;118;142
*.zoo   38;2;247;118;142
*.cpio  38;2;247;118;142
*.7z    38;2;247;118;142
*.rz    38;2;247;118;142
*.cab   38;2;247;118;142
*.wim   38;2;247;118;142
*.swm   38;2;247;118;142
*.dwm   38;2;247;118;142
*.esd   38;2;247;118;142

# image formats (Tokyo Night orange/purple)
*.jpg   38;2;255;158;100
*.JPG   38;2;255;158;100
*.jpeg  38;2;255;158;100
*.mjpg  38;2;255;158;100
*.mjpeg 38;2;255;158;100
*.jxl   38;2;255;158;100
*.JXL   38;2;255;158;100
*.webp  38;2;255;158;100
*.gif   38;2;255;158;100
*.bmp   38;2;255;158;100
*.pbm   38;2;255;158;100
*.pgm   38;2;255;158;100
*.ppm   38;2;255;158;100
*.tga   38;2;255;158;100
*.xbm   38;2;255;158;100
*.xpm   38;2;255;158;100
*.tif   38;2;255;158;100
*.tiff  38;2;255;158;100
*.png   38;2;255;158;100
*.svg   38;2;255;158;100
*.svgz  38;2;255;158;100
*.mng   38;2;255;158;100
*.odg   38;2;255;158;100
*.pcx   38;2;199;146;234
*.mov   38;2;199;146;234
*.mpg   38;2;199;146;234
*.mpeg  38;2;199;146;234
*.m2v   38;2;199;146;234
*.mkv   38;2;199;146;234
*.webm  38;2;199;146;234
*.ogm   38;2;199;146;234
*.mp4   38;2;199;146;234
*.m4v   38;2;199;146;234
*.mp4v  38;2;199;146;234
*.vob   38;2;199;146;234
*.qt    38;2;199;146;234
*.nuv   38;2;199;146;234
*.wmv   38;2;199;146;234
*.asf   38;2;199;146;234
*.rm    38;2;199;146;234
*.rmvb  38;2;199;146;234
*.flc   38;2;199;146;234
*.avi   38;2;199;146;234
*.fli   38;2;199;146;234
*.flv   38;2;199;146;234
*.gl    38;2;199;146;234
*.dl    38;2;199;146;234
*.xcf   38;2;199;146;234
*.xwd   38;2;199;146;234
*.yuv   38;2;199;146;234
*.cgm   38;2;199;146;234
*.emf   38;2;199;146;234
*.ogv   38;2;199;146;234
*.ogx   38;2;199;146;234

# audio formats (Tokyo Night cyan)
*.aac   38;2;38;192;212
*.au    38;2;38;192;212
*.flac  38;2;38;192;212
*.m4a   38;2;38;192;212
*.mid   38;2;38;192;212
*.midi  38;2;38;192;212
*.mka   38;2;38;192;212
*.mp3   38;2;38;192;212
*.mpc   38;2;38;192;212
*.ogg   38;2;38;192;212
*.ra    38;2;38;192;212
*.wav   38;2;38;192;212
*.oga   38;2;38;192;212
*.opus  38;2;38;192;212
*.spx   38;2;38;192;212
*.xspf  38;2;38;192;212

# documents (Tokyo Night red/purple/green)
*.pdf   38;2;247;118;142
*.PDF   38;2;247;118;142
*.ps    38;2;247;118;142
*.epub  38;2;247;118;142
*.mobi  38;2;247;118;142
*.ods   38;2;158;206;106
*.xls   38;2;158;206;106
*.XLS   38;2;158;206;106
*.xlsx  38;2;158;206;106
*.XLSX  38;2;158;206;106
*.odt   38;2;247;118;142
*.doc   38;2;247;118;142
*.DOC   38;2;247;118;142
*.docx  38;2;247;118;142
*.DOCX  38;2;247;118;142
*.odp   38;2;255;158;100
*.ppt   38;2;255;158;100
*.PPT   38;2;255;158;100
*.pptx  38;2;255;158;100
*.PPTX  38;2;255;158;100
*.iso   38;2;199;146;234
*.img   38;2;199;146;234

# programming languages (Tokyo Night spectrum)
*.py    38;2;158;206;106
*.lua   38;2;38;192;212
*.js    38;2;247;118;142
*.htm   38;2;255;158;100
*.html  38;2;255;158;100
*.shtml 38;2;255;158;100
*.xhtml 38;2;255;158;100
*.css   38;2;122;162;247
*.go    38;2;38;192;212
*.php   38;2;199;146;234
*.tex   38;2;158;206;106
*.c     38;2;122;162;247
*.cpp   38;2;199;146;234
*.cs    38;2;199;146;234
*.nim   38;2;247;118;142
*.nims  38;2;247;118;142
*.r     38;2;38;192;212
*.R     38;2;38;192;212
*.rs    38;2;255;158;100
*.pl    38;2;122;162;247
*.raku  38;2;199;146;234
*.m     38;2;255;158;100
*.java  38;2;255;158;100
*.scala 38;2;247;118;142
*.rb    38;2;247;118;142
*.vim   38;2;122;162;247
*.sql   38;2;158;206;106
*.sqlite 38;2;158;206;106
*.db    38;2;158;206;106
*.odb   38;2;158;206;106
*.apk   38;2;158;206;106
*.jl    38;2;199;146;234
*.hs    38;2;199;146;234
*.lhs   38;2;199;146;234
*.blend 38;2;255;158;100
